20 87

3 2 15
4 1 17
4 3 6
5 2 1
5 3 9
5 4 16
6 2 12 
6 3 20
6 4 7
7 1 14
8 3 4
8 4 15
8 5 9
8 6 1
9 2 10
9 3 7
9 5 14
9 6 6
10 3 19
10 4 2
10 7 15
10 8 17
11 1 20
11 2 9
11 5 3
11 6 15
11 7 9
11 8 11
12 3 18
12 7 14
12 10 2
12 11 4
13 3 12
13 5 17
13 10 5
13 11 1
13 12 16
14 1 17
14 2 12
14 6 13
14 10 17
14 11 18
14 12 17
15 1 4
15 7 16
15 8 13
15 10 10
16 1 14
16 3 17
16 5 17
16 6 13
16 7 3
16 9 18
16 10 5
16 12 18
16 13 18
17 2 10
17 4 5
17 5 6
17 6 1
17 7 1
17 9 5
17 13 16
17 16 4
18 2 2
18 3 4
18 5 6
18 7 9
18 9 10
18 11 1
18 15 5
18 17 10
19 1 5
19 3 11
19 4 16
19 6 9
19 9 18
19 10 15
19 15 11
20 4 15
20 7 3
20 8 1
20 12 9
20 13 2
20 14 8
20 15 1
20 19 17

beam sizes 1 2 3
