15 105

2 1 12
3 1 12
3 2 15
4 1 20
4 2 11
4 3 6
5 1 3
5 2 15 
5 3 8
5 4 12
6 1 2
6 2 14
6 3 8
6 4 2
6 5 14
7 1 14
7 2 20
7 3 3
7 4 7
7 5 14
7 6 14
8 1 12
8 2 5
8 3 2
8 4 15
8 5 10
8 6 16
8 7 2
9 1 11
9 2 8
9 3 9
9 4 14
9 5 3
9 6 15
9 7 2
9 8 20
10 1 17
10 2 20
10 3 6
10 4 13
10 5 19
10 6 12
10 7 18
10 8 7
10 9 6
11 1 3
11 2 12
11 3 11
11 4 3
11 5 19
11 6 18
11 7 7
11 8 13
11 9 20
11 10 8
12 1 15
12 2 1
12 3 16
12 4 20
12 5 9
12 6 14
12 7 5
12 8 14
12 9 12
12 10 16
12 11 19
13 1 20
13 2 13
13 3 13
13 4 5
13 5 10
13 6 5
13 7 15
13 8 8
13 9 16
13 10 15
13 11 18
13 12 14
14 1 19
14 2 6
14 3 5
14 4 5
14 5 2
14 6 15
14 7 4
14 8 16
14 9 10
14 10 13
14 11 10
14 12 9
14 13 3
15 1 18
15 2 8
15 3 1
15 4 2
15 5 2
15 6 11
15 7 8
15 8 17
15 9 19
15 10 18
15 11 16
15 12 5
15 13 7
15 14 8

beam sizes 1 2 3
